.System thread has started for: 192.168.1.8
Current action: Recover from state: Recover
329
Current action: Recover from state: Recover
133
153
178
205
287
317
338
359
389
420
448
480
505
532
555
583
603
623
643
663
683
706
730
750
771
798
822
860
881
901
922
980
1011
1138
1165
1194
1214
Current action: Recover from state: Recover
108
158
194
227
276
303
330
354
401
422
444
464
484
504
525
547
567
589
612
644
708
731
765
790
856
879
947
974
994
331
249
115
137
176
213
254
287
308
334
370
452
475
500
524
544
564
584
615
637
657
680
705
725
769
794
817
846
91
121
149
181
200
225
246
268
288
310
332
352
372
399
421
441
466
492
515
538
625
644
678
703
723
743
777
798
869
902
928
980
23
43
64
87
114
148
168
191
224
267
289
309
329
353
373
397
417
437
457
477
497
518
540
568
588
613
634
661
684
704
724
759
780
815
836
885
963
245
271
303
365
387
414
440
547
571
595
626
656
711
743
763
786
806
826
846
888
947
981
1002
1022
1058
457
481
501
521
570
591
682
810
844
354
412
472
492
512
532
552
591
295
316
336
363
385
406
432
453
482
503
523
543
584
608
636
657
678
715
741
764
804
46
158
178
206
226
246
266
291
311
360
565
586
612
636
660
680
701
721
753
774
798
898
919
945
969
989
1011
117
144
222
250
270
290
310
333
353
381
411
431
456
475
516
537
558
577
613
642
703
733
752
773
792
817
854
887
912
937
966
1051
96
117
147
167
200
235
267
287
334
367
387
407
434
481
502
522
542
563
585
611
631
654
675
695
738
766
786
820
842
97
119
139
159
179
200
250
287
307
336
396
468
497
544
564
585
624
648
668
696
717
737
758
779
803
77
100
131
157
179
199
228
251
271
291
311
331
356
379
416
496
523
544
564
584
612
661
684
713
739
783
811
836
858
46
68
89
114
134
154
175
199
222
246
288
313
333
361
389
410
430
450
474
495
517
538
563
584
30
51
107
137
169
189
209
229
328
353
373
393
413
433
453
484
Current action: Recover from state: Recover
123
243
263
284
320
343
365
408
443
463
509
530
550
573
598
618
638
658
678
698
719
741
818
839
172
194
217
238
258
282
353
373
405
435
456
476
496
516
536
556
576
596
617
637
657
677
697
722
743
763
785
805
859
106
37
79
