System thread has started for: 192.168.1.4
Current action: Recover from state: Recover
332
354
374
394
414
434
457
Current action: Recover from state: Recover
159
180
203
230
258
291
324
345
369
392
418
438
465
490
510
531
552
573
601
628
648
668
688
708
728
749
769
789
809
829
849
885
906
926
947
969
989
1009
1029
1049
1069
1090
1117
1138
1159
1180
1200
Current action: Recover from state: Recover
218
239
264
285
305
325
347
368
387
407
427
448
467
489
511
533
553
577
603
627
657
678
699
734
754
777
809
829
850
873
892
914
934
954
974
998
1031
1051
1070
Current action: Recover from state: Recover
268
Current action: Recover from state: Recover
303
Current action: Recover from state: Recover
123
163
183
203
223
243
263
283
303
344
364
389
409
446
467
487
507
529
549
569
589
613
641
662
683
705
740
763
783
803
823
Current action: Recover from state: Recover
117
138
158
178
201
221
241
264
286
306
326
346
367
395
422
443
465
515
537
558
578
598
619
639
659
682
710
731
752
772
793
813
833
853
873
895
916
936
957
977
999
1019
Current action: Recover from state: Recover
175
195
215
235
258
278
298
318
349
369
389
409
429
450
470
493
515
536
557
578
599
619
641
661
682
702
723
745
768
817
852
421
441
491
520
539
559
579
599
619
639
659
683
704
723
744
763
783
804
823
844
864
883
950
971
991
1016
1037
1063
1091
1111
1132
1152
1174
1193
1213
1233
1253
1276
1297
1318
1342
Current action: Recover from state: Recover
202
223
247
266
286
306
339
362
384
423
443
464
483
511
532
551
577
599
619
640
660
829
849
870
890
910
932
952
972
992
1012
1032
1071
Current action: Recover from state: Recover
208
228
248
278
299
338
358
378
398
418
438
458
478
498
518
539
579
600
620
640
660
680
700
720
740
761
784
805
828
858
884
910
935
955
977
1001
1033
1053
1077
Current action: Recover from state: Recover
150
170
190
210
230
250
270
296
316
335
356
376
396
416
436
457
476
498
525
546
571
593
613
635
657
684
741
761
781
802
822
845
873
893
926
946
Current action: Recover from state: Recover
250
270
290
310
336
356
376
403
426
449
469
494
515
536
558
579
600
620
640
660
680
700
721
742
763
783
837
858
878
898
920
941
961
984
Current action: Recover from state: Recover
200
220
240
260
281
308
329
349
369
389
409
429
462
488
507
527
548
568
590
610
630
657
677
697
717
738
758
784
843
866
886
Current action: Recover from state: Recover
141
161
182
202
224
250
277
297
350
371
391
415
434
454
474
494
515
535
555
575
595
615
635
655
675
697
720
751
771
795
834
Current action: Recover from state: Recover
159
179
199
219
241
274
304
334
372
404
425
446
466
503
523
543
568
589
627
650
670
690
713
734
754
Current action: Recover from state: Recover
159
Current action: Recover from state: Recover
243
264
284
306
326
346
366
387
435
Current action: Recover from state: Recover
113
141
163
184
219
259
282
302
321
342
362
383
403
424
444
464
484
515
536
556
576
599
622
762
Current action: Recover from state: Recover
165
250
270
290
311
331
366
386
419
442
462
482
502
522
544
564
586
607
627
647
667
687
707
727
747
817
837
858
878
898
918
938
959
Current action: Recover from state: Recover
89
111
131
151
172
194
227
247
267
288
310
330
352
372
392
412
432
452
472
492
514
534
554
574
595
617
663
683
711
739
760
781
802
822
850
870
890
Current action: Recover from state: Recover
199
219
239
268
287
308
335
356
382
406
428
448
468
488
510
532
552
572
598
617
637
694
724
753
Current action: Recover from state: Recover
100
Current action: Recover from state: Recover
168
Current action: Recover from state: Recover
138
158
199
220
242
263
284
304
324
344
364
385
405
425
446
466
486
506
526
546
567
302
322
342
363
384
409
434
454
482
502
522
543
565
585
605
625
652
672
692
712
735
756
780
800
820
852
Current action: Recover from state: Recover
185
Current action: Recover from state: Recover
270
300
320
340
360
380
400
420
449
470
503
523
543
563
583
603
Current action: Recover from state: Recover
117
137
157
176
199
218
238
259
280
301
322
342
362
382
402
422
442
462
483
506
527
549
570
590
610
631
651
671
692
712
740
761
190
210
236
256
276
296
316
336
356
376
401
423
449
469
490
511
532
554
576
596
616
636
656
676
698
729
749
Current action: Recover from state: Recover
185
218
251
274
294
314
334
356
377
397
417
437
457
477
520
541
561
581
601
622
653
674
695
715
737
759
781
801
831
852
873
Current action: Recover from state: Recover
209
229
249
269
289
314
346
367
387
407
427
447
467
487
507
527
547
567
588
609
630
652
676
696
717
738
758
782
842
862
882
902
922
944
978
1009
1029
1051
1071
1091
1111
Current action: Recover from state: Recover
192
213
233
260
280
321
344
367
389
412
434
454
474
494
514
535
556
607
639
660
680
Current action: Recover from state: Recover
123
153
180
202
222
254
275
296
316
336
356
376
396
420
444
464
484
504
524
555
581
603
623
644
664
684
704
724
745
766
863
886
Current action: Recover from state: Recover
164
186
207
227
247
267
315
348
369
389
420
440
460
480
500
521
541
561
581
606
661
683
704
723
743
763
783
804
826
866
