System thread has started for: 192.168.1.5
Current action: Recover from state: Recover
179
238
258
278
299
319
363
382
402
441
462
492
517
537
564
585
614
634
655
674
696
736
758
780
800
Current action: Recover from state: Recover
197
217
238
259
294
316
339
359
379
406
426
461
488
509
530
551
571
591
611
631
652
677
698
727
747
767
789
809
833
856
887
908
932
959
980
1005
1027
1047
1067
1097
1118
1148
1173
1196
1217
1238
1261
1311
1336
1359
1383
1404
1424
1445
1465
1485
1505
1525
1545
1565
1585
1605
1631
1652
1681
1701
1722
1753
Current action: Recover from state: Recover
168
188
210
243
270
290
310
332
353
373
395
419
442
463
483
511
531
552
576
609
629
652
672
692
712
732
761
785
805
825
847
868
895
926
948
976
1014
1034
1069
1099
1119
1139
1159
1192
1219
1241
1262
1297
1317
1337
1357
1380
1400
1420
1440
1462
1482
1504
1545
1565
1585
1605
1637
1658
1678
1698
1721
1758
1779
1806
Current action: Recover from state: Recover
276
296
320
341
360
428
448
485
505
525
553
573
593
613
653
675
696
716
736
767
787
809
830
854
877
900
923
957
1005
1024
1044
1064
1133
1195
1229
1249
1279
1309
1335
1356
1381
1410
1431
1453
1481
1518
1540
1569
1598
1618
1642
1669
1699
1719
1743
1764
Current action: Recover from state: Recover
182
202
227
256
276
298
322
343
408
430
451
471
491
511
542
583
609
660
680
720
749
777
798
819
843
864
900
922
942
962
984
1044
1067
1089
1110
1130
1157
1180
1206
1231
1251
1271
1296
1328
1357
1388
1408
1428
1448
1469
1489
1509
1535
1557
1577
1597
1617
1645
1665
1685
1705
1727
1750
1787
1807
1827
Current action: Recover from state: Recover
178
198
223
288
309
329
349
418
437
457
477
499
565
587
617
648
696
718
738
770
832
852
872
893
912
932
953
992
1043
1077
1190
1215
1247
1283
1307
1327
1379
1411
1442
1497
1519
1544
1564
1603
1623
1643
1663
1683
1703
1723
1743
1763
1783
1822
677
Current action: Recover from state: Recover
310
502
593
617
692
757
Current action: Recover from state: Recover
256
292
324
344
372
404
431
455
483
505
532
597
618
671
693
721
742
767
786
806
826
858
878
898
919
943
963
983
1010
1029
1049
1071
1097
1119
1143
1218
1238
1258
1279
1300
1320
1340
1368
1388
1409
1429
1449
1469
1489
Current action: Recover from state: Recover
237
257
277
297
324
344
364
384
406
447
467
515
543
564
585
610
633
653
673
693
714
736
761
781
801
825
846
866
886
906
927
952
976
998
1025
1045
1065
1085
1109
1130
1152
1173
1193
1216
1237
1260
1280
1301
1330
1355
1402
1457
1478
1498
1518
1546
Current action: Recover from state: Recover
272
292
314
336
360
380
403
430
468
488
528
547
567
587
643
663
682
702
732
759
779
804
826
845
867
892
917
965
984
1004
1024
1046
1069
1099
1120
1141
1194
1217
1242
1262
1284
1304
1325
1355
1380
1411
1433
1481
1501
1521
1541
1562
1585
Current action: Recover from state: Recover
316
336
356
376
398
418
450
471
504
525
545
565
585
616
637
665
686
706
731
779
802
851
874
896
921
947
968
988
1008
1028
1056
1076
1097
1117
1138
1167
1187
1207
1227
1247
1268
1325
1347
1367
1388
1418
1473
1494
1514
1555
233
Current action: Recover from state: Recover
292
313
333
352
372
392
412
438
458
478
499
272
292
313
334
354
385
439
466
487
507
537
557
592
612
635
658
685
704
724
744
764
788
912
940
961
982
1002
1024
1045
1069
1090
1111
1146
1184
1204
1224
1244
1264
1284
1304
1324
1344
1367
1394
1414
1435
1454
1474
1494
1531
1551
1573
1592
1612
Current action: Recover from state: Recover
241
263
288
309
343
364
385
406
426
446
466
487
507
536
562
583
603
624
662
682
702
722
742
762
846
866
887
909
934
959
1006
1026
1061
1081
1101
1121
1141
1162
1185
1207
1252
1285
1305
273
294
317
339
360
383
405
425
471
493
516
536
557
577
599
670
691
712
733
759
786
807
830
851
880
901
956
976
996
1016
1036
1056
1076
1096
1116
1136
1157
1177
1197
1217
1237
1257
1277
1298
1319
Current action: Recover from state: Recover
203
249
269
288
318
339
360
387
466
486
519
543
564
583
605
624
655
675
695
715
735
755
776
796
816
836
858
880
901
921
940
961
981
1001
1022
1046
1066
1086
1107
1131
1151
1171
1209
1232
1255
Current action: Recover from state: Recover
303
326
346
368
390
443
465
491
515
536
561
588
608
628
657
677
699
724
744
769
789
810
841
861
881
901
926
945
984
1005
1037
1060
1083
1103
1127
1153
1172
1213
1237
1257
1277
1297
1322
1342
1363
1399
Current action: Recover from state: Recover
194
223
242
270
291
315
354
378
402
423
443
463
483
504
524
544
564
585
607
629
665
685
706
745
770
796
822
847
867
889
909
929
961
986
1006
1027
1047
1067
1092
1111
1136
1156
1177
1198
1223
1247
1267
1287
1307
1327
1347
1377
1397
1424
Current action: Recover from state: Recover
240
259
279
299
330
355
380
400
420
441
460
480
500
520
540
562
581
601
621
642
663
683
712
739
761
797
817
851
870
892
913
932
952
973
995
1017
1038
1059
1081
1102
1121
1154
1190
1212
1232
1252
1283
1310
1331
1360
1379
Current action: Recover from state: Recover
154
174
194
214
242
262
282
304
336
358
379
400
426
451
471
491
512
536
573
597
633
654
674
722
742
763
786
823
855
876
915
1067
1086
1107
1181
1201
1221
1241
1263
1291
1312
1334
1356
1377
1396
1419
Current action: Recover from state: Recover
197
226
246
267
286
308
343
370
408
427
447
467
498
522
577
598
658
678
698
718
738
758
778
798
818
838
860
880
916
938
957
977
997
1017
1059
1091
1111
1131
1161
1180
1202
1223
1248
1279
1299
1321
1341
1366
1390
1409
1429
1449
1469
1490
Current action: Recover from state: Recover
162
Current action: Recover from state: Recover
211
231
251
271
292
311
331
351
382
401
421
443
Current action: Recover from state: Recover
226
246
272
296
332
353
382
410
431
456
486
506
526
647
668
687
709
729
755
774
802
822
842
869
891
927
946
967
989
1009
1031
1130
1169
1199
1238
1257
1277
1306
1330
1356
1376
1401
1420
1442
1462
1493
Current action: Recover from state: Recover
191
215
238
259
279
299
321
341
361
384
405
435
458
478
498
518
539
582
603
623
662
708
729
765
785
805
827
847
867
887
907
927
948
974
994
1020
1040
1060
1084
1113
1134
1154
1178
1225
1253
1274
1294
