System thread has started for: 192.168.1.7
Current action: Recover from state: Recover
183
222
243
271
291
311
331
351
371
393
417
440
460
495
516
536
558
579
599
619
639
Current action: Recover from state: Recover
128
148
168
197
217
238
260
285
305
328
350
370
391
411
431
451
471
491
511
531
551
581
601
621
641
661
681
701
721
741
761
781
805
825
846
867
886
906
929
948
968
988
1010
1030
1051
1070
Current action: Recover from state: Recover
224
243
264
284
304
324
353
373
393
417
439
463
497
530
553
573
593
613
633
724
744
768
789
837
867
Current action: Recover from state: Recover
274
294
314
334
354
374
394
415
436
460
483
518
538
558
578
599
620
641
661
681
701
721
741
762
782
802
Current action: Recover from state: Recover
174
195
216
236
258
279
305
325
345
402
425
445
465
485
505
525
546
566
586
606
626
646
666
687
707
731
Current action: Recover from state: Recover
160
184
205
225
245
268
289
311
331
352
373
394
414
435
455
491
515
543
563
585
606
627
647
667
687
707
727
747
779
799
820
840
860
Current action: Recover from state: Recover
225
Current action: Recover from state: Recover
140
Current action: Recover from state: Recover
292
312
332
352
372
392
413
475
495
515
535
555
593
613
633
653
681
752
772
792
819
Current action: Recover from state: Recover
95
116
135
155
175
195
217
237
257
290
310
331
353
379
399
426
1105
Current action: Recover from state: Recover
103
127
148
189
209
229
249
272
292
312
367
387
415
435
455
485
506
526
546
744
Current action: Recover from state: Recover
211
232
253
275
295
316
335
357
382
418
448
468
510
531
563
597
616
636
656
676
701
722
742
765
815
840
861
881
901
921
943
Current action: Recover from state: Recover
236
260
280
308
328
349
379
399
424
444
464
484
504
537
557
580
602
622
649
669
692
712
732
752
772
792
814
Current action: Recover from state: Recover
132
152
172
192
212
271
291
314
334
355
375
395
418
464
484
504
524
544
566
586
606
628
711
Current action: Recover from state: Recover
209
230
256
277
298
318
338
358
378
398
418
438
463
485
505
559
579
599
626
654
682
704
724
744
765
787
808
Current action: Recover from state: Recover
145
166
187
207
227
255
275
295
315
342
368
389
409
429
449
469
490
515
537
562
583
603
644
667
687
707
727
748
768
788
808
828
849
869
891
911
932
952
Current action: Recover from state: Recover
293
312
332
353
374
394
414
434
454
474
494
514
534
555
579
599
620
640
660
682
703
724
746
775
810
Current action: Recover from state: Recover
240
285
305
325
349
369
391
412
432
454
474
494
515
535
555
576
599
619
639
659
679
Current action: Recover from state: Recover
143
Current action: Recover from state: Recover
229
Current action: Recover from state: Recover
259
279
299
319
339
359
379
399
419
440
459
479
499
166
185
205
226
247
266
290
311
354
377
397
417
448
470
490
511
532
552
575
600
633
653
674
696
716
736
756
776
Current action: Recover from state: Recover
220
241
306
326
347
366
386
408
429
449
478
500
521
541
584
604
626
645
666
686
706
726
746
766
790
Current action: Recover from state: Recover
122
142
164
184
205
225
245
273
305
327
357
380
407
427
447
467
491
512
532
552
572
592
612
632
652
672
698
Current action: Recover from state: Recover
254
274
294
319
342
363
383
407
427
448
468
488
508
529
550
570
590
611
646
668
688
Current action: Recover from state: Recover
209
231
258
278
298
329
350
369
389
415
435
455
476
498
517
537
558
578
598
618
638
658
Current action: Recover from state: Recover
213
234
254
274
294
314
334
354
374
394
416
438
459
479
501
521
559
579
613
633
653
674
697
717
737
758
297
321
341
361
382
408
428
448
469
488
527
546
567
587
621
640
Current action: Recover from state: Recover
189
Current action: Recover from state: Recover
103
Current action: Recover from state: Recover
221
241
261
281
301
321
341
361
381
404
425
445
467
Current action: Recover from state: Recover
169
189
223
243
272
292
317
346
367
388
411
475
495
518
538
562
582
609
629
649
669
689
709
729
749
769
Current action: Recover from state: Recover
226
250
275
295
316
336
366
389
411
431
451
471
494
521
543
563
584
604
624
646
683
Current action: Recover from state: Recover
155
Current action: Recover from state: Recover
161
Current action: Recover from state: Recover
224
263
283
307
Current action: Recover from state: Recover
154
174
214
234
257
278
298
318
338
358
378
398
420
439
459
479
499
519
539
559
579
599
622
643
663
683
Current action: Recover from state: Recover
171
191
211
231
258
282
305
328
348
368
388
409
448
468
489
509
529
549
569
601
622
642
663
683
703
