0
0
0
0
0
9
568
506
498
763
471
481
483
559
49
448
497
576
440
569
511
439
102
504
80
574
512
615
411
399
382
566
528
416
453
113
423
374
484
46
507
424
442
114
426
426
32
403
433
534
19
518
521
127
402
396
416
419
388
472
123
382
424
484
418
457
504
394
481
132
556
463
480
487
478
389
427
410
447
461
426
89
407
661
25
440
518
450
499
34
397
464
444
385
437
471
393
416
26
425
506
35
432
395
462
411
79
80
388
414
460
64
411
544
382
474
397
475
477
416
35
452
43
436
578
390
421
542
192
532
554
640
473
415
253
467
567
458
406
