0
0
0
0
0
0
0
0
499
813
502
667
598
433
570
379
528
82
489
497
49
625
434
52
710
474
431
633
412
463
620
502
207
450
434
387
387
32
445
484
360
418
492
552
509
380
387
383
516
553
411
487
393
400
467
505
82
29
426
376
537
492
447
71
365
54
397
373
397
464
397
406
416
374
392
557
414
471
452
354
418
457
390
409
390
508
426
412
390
419
551
483
511
454
443
443
19
373
530
26
568
362
381
516
394
487
407
437
360
34
394
386
467
428
422
387
593
398
471
482
68
404
433
42
537
408
383
385
517
385
496
678
384
222
192
385
383
177
708
820
