7
0
0
0
0
0
0
0
0
512
893
446
687
633
427
426
535
501
517
766
635
613
520
532
623
450
546
760
504
428
24
487
493
486
387
369
393
454
476
426
488
536
380
437
578
395
524
459
527
441
475
517
440
412
397
399
470
47
442
499
567
403
428
437
392
455
410
593
545
511
448
412
624
428
433
390
450
511
397
456
480
63
530
469
32
467
464
509
381
517
63
391
412
90
399
412
385
397
415
583
437
371
89
23
416
26
386
487
573
412
476
532
61
415
75
461
390
397
515
619
543
376
565
592
458
488
365
467
406
492
439
552
412
54
