7
0
0
0
0
0
11
582
470
461
12
500
9
10
465
9
9
10
458
469
477
469
471
465
474
492
483
459
468
477
10
497
469
462
464
469
463
468
9
476
465
10
56
467
12
457
16
468
11
480
499
475
463
475
476
10
479
464
465
474
10
29
486
465
504
9
12
478
9
12
465
467
472
474
490
9
9
458
12
467
536
10
494
11
477
484
13
9
10
10
15
457
9
18
466
10
9
9
10
474
468
471
495
478
26
477
508
477
480
510
474
478
16
475
485
477
465
10
461
494
461
9
467
465
21
10
465
473
462
469
468
465
10
471
463
463
481
9
473
10
468
15
10
472
470
486
10
9
9
474
463
475
474
35
464
471
10
476
467
497
461
470
40
480
474
34
463
473
9
493
9
480
476
466
492
462
522
