5946
4483
4504
4532
4600
4621
10364
35040
14311
14454
14556
14672
14817
14934
15193
8974
9068
9107
9127
9179
13746
3648
3880
12710
8854
12418
8918
8939
8960
9141
9283
9402
9543
9664
9921
4986
5009
5033
5059
5252
5492
5843
6032
7936
14940
1633
2438
3916
10087
6115
5457
13000
6093
6114
6135
6156
6422
6744
7010
8684
8856
9007
9110
7972
7993
8014
8035
9374
8390
11235
12548
5446
5504
5524
5605
5770
5894
6708
6756
9055
9335
9556
9606
9655
9917
10037
10117
12973
13260
19334
235
316
2085
4746
4896
6464
7202
8922
9093
9244
9342
13530
13656
13809
13919
22318
22585
