0
0
0
0
0
0
0
451
503
444
429
407
404
480
356
365
353
372
480
466
381
424
24
370
524
361
375
89
554
393
407
400
22
415
356
458
482
361
502
45
400
552
361
363
525
446
465
373
374
34
386
386
436
539
395
436
397
392
367
397
385
467
25
375
371
574
414
379
415
30
55
454
381
393
361
376
479
373
498
457
381
43
401
403
404
379
412
378
357
436
118
77
552
360
35
397
566
391
516
28
385
421
397
373
78
397
404
373
462
404
489
373
626
392
413
361
509
394
369
381
310
358
375
444
390
365
389
515
433
576
34
404
396
369
422
413
485
377
409
382
409
388
559
359
564
475
370
381
43
34
366
