0
435
621
382
434
386
539
472
455
370
368
23
442
378
382
382
401
400
391
399
380
418
386
365
526
389
400
401
393
454
433
401
407
429
380
416
397
359
518
396
412
156
487
517
410
375
403
389
378
497
392
386
530
396
404
384
132
24
680
145
396
412
142
403
398
390
417
403
416
369
491
397
393
455
422
519
371
432
394
399
410
441
436
468
388
371
375
121
444
12
399
455
502
422
388
468
408
376
475
402
426
349
679
375
380
514
890
422
436
422
389
49
481
428
382
38
500
140
411
389
480
404
435
40
361
41
104
402
505
525
149
388
402
568
489
384
383
