490
603
185
111
112
202
333
35
23
496
74
98
254
7
2
604
4
131
196
402
1
564
130
424
315
62
256
323
29
1160
6
433
257
140
15
24
589
540
703
505
258
515
284
74
85
91
239
252
160
93
751
166
49
46
41
120
702
223
411
153
165
273
15
216
28
169
447
259
14
16
5
7
146
2
107
95
86
329
118
89
46
540
950
251
645
186
810
187
640
224
189
567
117
262
28
284
716
143
251
1253
896
396
102
385
317
152
54
561
296
414
528
572
38
458
298
341
774
404
107
8
55
116
226
151
230
5
493
230
851
21
224
413
134
86
568
612
618
740
290
290
7
305
510
38
474
547
204
547
179
66
112
323
403
759
517
5
173
502
404
290
16
276
193
636
131
430
692
194
7
167
52
644
123
106
57
9
98
226
720
24
43
115
734
393
376
317
104
849
79
643
214
968
292
78
591
27
684
126
199
255
