1099
649
917
623
908
295
514
962
519
115
469
128
342
113
382
844
469
172
184
485
698
137
541
165
411
181
201
679
96
224
406
208
234
541
128
916
567
898
540
490
719
353
372
238
691
885
493
200
287
286
414
231
523
446
616
398
1040
967
258
489
392
274
202
188
491
858
637
298
258
214
256
116
309
424
367
210
1281
117
235
1143
771
197
1137
1263
600
207
558
616
1328
383
564
146
1042
167
235
711
1028
582
127
332
301
550
192
292
301
251
705
584
92
221
264
386
201
434
248
390
124
144
164
184
204
224
244
748
522
201
152
84
262
121
404
207
769
197
263
1143
759
133
154
175
199
296
320
492
607
1290
758
619
995
231
806
382
182
91
135
216
747
206
784
476
21
20
419
319
26
75
40
20
20
162
169
43
432
37
174
129
20
358
25
227
437
365
212
319
212
277
21
48
204
39
1201
341
23
150
451
109
305
156
621
392
695
137
240
48
632
52
73
22
23
478
66
