7
0
0
0
535
371
405
433
443
391
404
386
409
408
421
438
388
21
374
38
390
377
405
403
422
411
390
399
82
367
382
396
407
395
438
391
373
397
377
405
381
381
414
424
378
418
578
419
14
19
406
383
402
46
419
397
383
396
22
35
494
22
391
388
393
412
453
386
382
389
456
404
380
404
486
390
396
398
390
393
493
398
446
11
411
468
370
390
378
18
10
415
425
404
391
397
405
431
28
396
398
433
432
388
394
397
520
394
414
27
420
395
415
39
14
412
413
386
402
398
385
398
430
417
374
373
19
436
12
376
372
462
421
388
381
419
398
414
404
20
420
414
426
367
394
415
447
13
447
438
445
385
487
11
392
446
37
466
376
426
370
