0
0
4
1
3
518
338
351
383
387
419
439
352
442
410
447
414
358
452
399
379
19
375
367
364
541
373
438
380
368
36
406
48
435
361
472
36
393
383
21
385
408
11
349
391
397
24
388
378
446
379
417
376
385
456
363
349
415
401
363
380
411
429
414
379
396
361
378
450
366
393
526
43
380
449
404
390
407
470
386
364
436
377
399
390
391
396
370
395
406
21
397
429
19
10
19
446
384
387
405
363
32
380
385
411
392
372
421
18
387
404
347
381
448
438
428
435
54
417
365
381
367
25
404
403
376
385
355
387
435
409
385
437
385
460
374
352
395
403
450
16
473
395
456
360
465
412
353
379
12
367
561
23
389
361
392
410
10
418
394
372
