System thread has started for: 192.168.1.7
Current action: Recover from state: Recover
199
219
240
261
286
328
348
368
390
411
431
451
474
496
517
537
559
579
599
619
639
659
680
701
722
742
762
782
803
825
845
870
893
915
937
957
977
1003
1024
1044
1071
1097
1117
1137
1157
1177
1199
1220
1240
1260
1280
1300
1320
1341
1361
1381
1403
1423
1446
1466
1486
Current action: Recover from state: Recover
211
231
254
274
296
316
336
356
376
396
416
436
456
477
504
525
545
572
592
612
632
653
673
698
718
738
759
778
798
818
838
859
879
899
919
952
972
995
1016
1038
1058
1078
1100
1120
1141
1161
1181
1216
1246
1269
1289
1309
1330
1352
1372
1398
1422
1445
1490
1510
1541
1575
Current action: Recover from state: Recover
134
154
174
197
220
240
263
285
308
329
349
369
389
409
429
449
473
493
514
534
558
578
598
622
643
664
684
704
724
744
765
786
806
826
857
877
897
917
937
958
978
999
1029
1052
1072
1092
1112
1132
1152
1172
1194
1225
1245
1265
1288
1308
1328
1348
1368
1388
1408
1428
1448
1468
Current action: Recover from state: Recover
332
Current action: Recover from state: Recover
139
159
179
204
223
Current action: Recover from state: Recover
138
158
178
215
246
265
287
307
378
400
419
439
459
479
499
520
539
559
579
604
624
647
669
691
710
732
754
775
794
814
834
854
874
894
914
934
954
974
994
1016
1035
1056
1076
1098
1118
1156
1177
1198
1217
1239
1262
Current action: Recover from state: Recover
158
179
199
219
239
260
281
303
323
344
365
386
406
426
447
468
493
518
539
560
582
607
634
654
674
701
721
741
761
782
803
824
848
867
889
910
932
Current action: Recover from state: Recover
145
178
206
227
247
267
287
307
327
348
367
390
411
430
450
470
491
511
531
552
573
593
615
636
655
675
699
744
766
786
806
826
853
Current action: Recover from state: Recover
161
181
201
221
241
261
283
306
335
356
377
397
417
437
457
479
509
532
552
572
592
615
637
659
689
711
731
751
772
792
813
835
Current action: Recover from state: Recover
154
Current action: Recover from state: Recover
201
221
241
260
Current action: Recover from state: Recover
177
Current action: Recover from state: Recover
280
Current action: Recover from state: Recover
105
125
148
167
188
210
231
252
276
298
317
337
357
381
401
423
445
469
490
510
543
563
583
608
642
662
682
703
722
743
764
785
804
824
844
867
886
906
929
955
975
996
1031
1059
1080
1101
1121
1141
1161
1181
1202
Current action: Recover from state: Recover
122
144
165
191
216
236
257
278
298
325
345
368
392
413
433
453
479
500
531
551
572
592
615
641
667
688
708
728
748
769
791
812
839
859
880
900
920
943
963
991
1011
1048
1068
1104
1124
1144
1164
Current action: Recover from state: Recover
161
183
203
226
246
266
287
307
331
352
371
391
412
437
458
478
500
521
547
572
593
633
657
681
700
725
745
765
822
847
872
900
919
939
959
980
1000
1020
1040
1076
1101
1124
1143
1178
1198
1219
1238
1261
1310
Current action: Recover from state: Recover
197
217
237
257
281
321
344
366
411
431
460
482
506
528
549
569
589
613
634
655
697
718
738
759
779
802
823
917
951
973
994
1013
Current action: Recover from state: Recover
141
162
182
202
222
242
264
287
312
341
374
395
418
440
460
482
502
522
544
564
584
604
624
661
681
701
721
743
763
783
803
824
863
883
903
965
986
1019
1050
1072
1092
1112
1132
1152
1173
1193
1213
1233
1256
1284
1305
1325
1348
1380
1401
1427
Current action: Recover from state: Recover
141
161
181
201
221
241
261
282
302
322
342
366
387
409
432
456
495
516
536
557
577
602
621
642
661
681
705
735
756
780
800
822
850
870
891
912
934
954
975
1000
1024
1045
1071
1093
1112
1154
1175
1198
1231
1250
Current action: Recover from state: Recover
1415
Current action: Recover from state: Recover
182
Current action: Recover from state: Recover
165
186
209
234
259
279
302
335
357
380
401
421
441
461
481
564
607
633
654
675
695
715
739
759
783
803
823
844
864
884
909
929
952
975
995
1016
1036
Current action: Recover from state: Recover
162
Current action: Recover from state: Recover
212
232
252
275
295
326
347
367
389
410
430
458
479
499
520
541
561
585
612
635
658
681
Current action: Recover from state: Recover
191
211
231
251
271
291
315
335
355
375
397
426
447
468
487
507
528
549
568
596
616
638
658
698
720
741
779
799
831
852
871
892
918
938
962
1026
1047
1069
1089
1109
1132
1152
1172
1193
1215
1238
1257
1277
1298
1318
1340
1360
1383
1403
1427
1450
1485
1508
1528
1548
1568
1590
1611
1631
1653
Current action: Recover from state: Recover
208
Current action: Recover from state: Recover
103
124
145
164
185
205
225
245
272
304
325
345
365
386
406
426
446
466
489
509
536
557
577
597
618
638
251
292
329
349
369
389
410
430
456
478
500
521
541
561
581
601
622
643
663
683
707
728
748
768
788
808
828
848
869
889
910
930
950
970
996
1017
1042
1062
1083
1104
1130
1169
1189
1211
1246
1267
1287
1308
1331
1351
1371
1391
1412
1432
1460
1481
1503
1537
1557
1579
Current action: Recover from state: Recover
157
176
196
219
239
261
282
301
322
342
362
420
441
461
480
500
554
576
619
641
672
692
712
733
753
781
809
829
849
868
890
911
933
953
973
993
1013
1033
1053
1073
1094
1114
1134
1157
1183
1203
1224
1244
1264
1284
1304
1324
1344
1364
1384
1404
1439
1460
1480
1500
1520
1585
Current action: Recover from state: Recover
100
121
141
161
190
212
235
276
296
325
346
376
396
416
461
482
502
522
542
566
591
612
637
657
679
700
721
741
761
804
826
859
879
901
921
942
962
982
1007
1028
1048
1069
1092
1114
1135
1155
1175
1195
1216
1236
1258
1278
1298
1335
1380
1400
1420
1475
