System thread has started for: 192.168.1.5
Current action: Recover from state: Recover
249
269
321
343
363
384
404
457
478
517
537
557
579
599
621
642
661
681
702
723
743
763
783
803
823
843
864
884
904
Current action: Recover from state: Recover
130
Current action: Recover from state: Recover
176
200
225
248
270
290
317
340
362
400
425
451
471
490
510
541
563
584
604
626
646
668
692
711
735
767
794
813
834
853
876
907
935
963
982
Current action: Recover from state: Recover
157
177
198
219
240
259
279
303
324
346
370
392
419
438
474
495
540
560
580
612
632
655
676
696
716
737
760
780
800
820
840
860
880
913
933
953
973
993
1013
1033
1053
1073
1093
1113
1133
1153
1173
1196
1216
1236
1256
1276
1296
1318
1339
1358
1378
1398
1418
1438
1458
1480
1509
1530
1552
1571
1593
1615
1661
1681
1702
1722
1742
1776
1796
1817
1837
1857
1877
1897
Current action: Recover from state: Recover
165
190
210
230
270
301
324
353
442
462
491
511
531
551
571
591
612
632
658
678
704
730
754
775
796
816
838
859
881
901
926
951
971
991
1011
1031
1051
1071
1095
1117
1137
1157
1179
1210
1230
1250
1270
1299
1321
1342
1369
1399
1422
1443
1465
1485
1506
1527
1547
1567
1620
1640
1660
1680
1700
1720
1740
1762
1782
Current action: Recover from state: Recover
243
Current action: Recover from state: Recover
338
358
393
413
437
458
479
502
529
551
571
591
618
651
671
692
712
Current action: Recover from state: Recover
159
179
211
235
254
275
295
315
335
356
376
407
429
448
490
513
532
552
572
592
612
635
656
691
712
731
751
771
791
811
831
860
882
902
922
952
972
993
1053
1072
1095
1116
1138
1158
1178
1198
1229
1249
1271
1290
1310
1330
1350
1371
1391
1412
1437
1461
1481
1501
1535
1580
1600
1621
1651
1749
1769
1789
1809
1829
1849
1869
1889
Current action: Recover from state: Recover
191
Current action: Recover from state: Recover
88
108
130
161
182
203
223
243
263
283
303
323
346
373
393
426
Current action: Recover from state: Recover
149
172
215
235
255
276
297
317
339
360
380
400
420
440
460
482
503
524
553
576
600
624
644
664
684
704
724
744
764
784
818
838
873
893
925
957
978
998
1018
1038
1058
1078
1099
1121
1141
1163
1184
1204
1224
1244
1264
1284
1305
1352
1373
1394
1449
1472
1493
1513
1533
1553
1573
1593
1613
1633
1653
1675
1695
1715
1735
1755
1775
1795
1815
Current action: Recover from state: Recover
144
166
193
212
235
329
349
369
394
415
436
459
483
512
535
558
580
606
627
647
667
687
709
730
750
774
802
825
844
865
892
912
937
966
989
1013
1036
1065
1084
1107
1139
1159
1192
1212
1235
1255
1275
1295
1317
1342
1363
1385
1408
1432
1465
1486
1505
1529
1549
1588
1608
1628
1649
1677
1701
1721
1740
1760
1780
1804
1825
1845
1865
1910
1962
2010
2032
Current action: Recover from state: Recover
165
185
205
227
252
273
293
313
344
365
384
404
425
445
475
495
515
536
570
590
615
635
665
692
712
732
752
774
794
850
880
901
926
946
967
987
1013
1033
1053
1073
1093
1113
1137
1157
1180
1200
1220
1240
1260
1280
1301
1322
1345
1365
1392
1412
1432
1455
1483
Current action: Recover from state: Recover
303
Current action: Recover from state: Recover
184
204
224
244
264
284
304
325
346
366
386
406
438
459
479
499
Current action: Recover from state: Recover
135
155
175
195
215
235
255
275
295
315
335
355
377
397
418
438
458
480
521
545
565
587
607
635
655
675
700
719
742
762
782
814
835
858
881
901
924
944
972
991
1017
1036
1056
Current action: Recover from state: Recover
192
214
243
265
285
312
332
366
388
408
429
450
471
494
529
549
570
613
639
664
685
705
725
745
765
785
805
886
Current action: Recover from state: Recover
1338
Current action: Recover from state: Recover
174
201
221
253
274
298
319
351
373
400
420
Current action: Recover from state: Recover
273
332
356
377
403
423
443
467
495
515
536
556
579
601
621
645
665
685
711
731
751
771
791
811
832
855
881
902
923
943
963
984
1004
1024
1044
1064
1094
1114
1134
1158
Current action: Recover from state: Recover
197
217
237
262
283
315
335
355
375
397
418
438
458
479
499
520
540
560
580
600
620
640
660
687
707
733
765
788
809
838
901
928
949
978
1015
1037
1060
1086
1106
1136
1156
1176
1196
1217
1236
1256
1276
1296
1316
1340
1365
1387
1407
1427
1447
1468
1489
1510
1530
1555
1574
1596
1615
1635
1658
1678
1699
1719
1739
1759
1779
1799
1824
1843
1864
1886
1906
1926
1952
1973
2008
2029
Current action: Recover from state: Recover
229
Current action: Recover from state: Recover
105
129
148
174
194
216
235
255
286
308
334
353
373
394
414
434
455
489
509
529
549
569
592
625
662
682
705
725
764
784
806
826
847
882
904
941
964
983
1003
1023
1048
1067
1087
1135
Current action: Recover from state: Recover
164
191
212
236
257
277
302
329
366
388
408
428
457
477
497
517
537
563
584
605
634
656
679
699
719
745
766
789
825
845
867
888
923
944
964
986
1016
1041
1061
1081
1102
1124
1145
1178
1202
1221
1241
1262
1300
1337
1397
1417
1437
1460
1484
1522
1556
1587
1607
1627
1653
1675
1702
1759
1779
1799
1822
Current action: Recover from state: Recover
123
144
191
213
250
270
295
317
337
371
391
457
478
498
518
538
558
588
616
637
659
679
699
720
745
765
785
824
847
886
906
926
946
966
991
1012
1033
1060
1080
1100
1120
1173
1193
1214
1238
1259
1280
1303
1325
1348
1368
1388
1408
1428
1448
1468
1488
1508
1528
1548
1568
1588
1639
1659
1679
1699
1719
1739
1796
1816
1851
1871
1895
1915
1937
Current action: Recover from state: Recover
114
135
156
176
197
217
275
295
315
339
359
379
399
419
439
459
483
503
532
552
572
592
612
635
657
679
699
719
739
759
779
799
821
845
866
897
920
940
964
984
1004
1024
1126
1184
1212
1263
1286
1335
1359
1384
1404
1450
1472
1492
1512
1532
1557
1577
1604
1624
1644
1678
1699
1732
1752
1776
1796
1816
1842
1877
1897
1918
1940
1960
1980
2000
2020
2041
2061
2083
2106
2136
2157
2188
2210
2266
2286
