System thread has started for: 192.168.1.4
Current action: Recover from state: Recover
99
318
338
358
378
399
420
439
461
480
506
526
546
566
587
607
627
647
668
688
716
737
757
777
797
817
837
858
882
906
926
945
965
985
1007
1027
1048
1069
1089
1110
1129
1149
1171
1192
1215
1234
1255
1275
1297
1316
1338
1357
1377
1397
1417
1438
1457
1478
1508
1528
1548
1570
1591
1612
1638
1659
1679
1699
1718
1740
1763
1786
1807
1827
1848
1869
Current action: Recover from state: Recover
143
164
183
204
227
256
277
324
345
364
384
405
427
446
466
486
513
542
562
583
604
627
646
666
688
708
728
749
768
795
822
846
877
896
921
944
964
985
1006
1026
1046
1078
1099
1120
1142
1163
1183
1204
1245
1265
1287
1307
1327
1348
1368
1389
1409
1429
1454
1474
1494
1514
1534
1554
1574
1594
1614
1634
1654
1674
1694
1714
1734
1754
1774
1794
1816
1836
1856
1876
1896
1916
1936
1956
1976
1996
2016
2036
2056
2076
2096
2116
2136
2156
2183
2204
2224
2245
2265
2286
2306
2328
2351
2371
2391
2412
2433
Current action: Recover from state: Recover
204
Current action: Recover from state: Recover
98
118
138
158
178
198
219
250
270
291
311
331
351
371
392
415
437
459
479
499
520
539
559
579
599
620
640
661
680
701
722
744
766
787
810
830
851
875
895
917
955
983
1009
1028
1048
1069
1090
1110
1130
1162
1183
1229
1249
1269
1290
1317
1337
1357
1377
1398
1418
1438
1458
1478
1498
1518
1539
1570
1600
1620
1640
1660
1680
1700
1724
1743
1764
1787
1807
1827
1850
Current action: Recover from state: Recover
209
Current action: Recover from state: Recover
143
163
186
205
225
245
267
292
313
334
354
376
398
422
442
462
483
503
524
543
563
583
603
625
644
664
686
707
732
753
774
793
814
854
874
901
924
944
964
985
1004
1026
1048
1077
1097
1118
1139
1159
1179
1199
1231
1254
1277
1297
1320
1343
1363
1385
1404
1424
1446
1468
1491
1515
1537
1557
1577
1599
1619
1638
1662
1681
1704
1723
1753
1775
1796
1822
1846
1868
1888
1909
1928
1970
1991
2013
2037
2058
2078
2098
2119
2139
2159
2179
2199
2219
Current action: Recover from state: Recover
157
176
197
217
238
263
295
316
336
356
430
456
476
497
516
536
556
576
596
616
650
671
690
710
730
751
770
790
823
843
862
882
912
947
971
991
1011
1031
1051
1072
1091
1115
1137
1157
1176
1205
1225
1244
1265
1287
1306
1329
1359
1392
1413
1433
1453
1472
1492
1512
1535
1559
1605
1625
1647
1666
1686
1711
1731
1751
1770
1790
1810
1830
1850
1872
1896
1916
1938
1973
1994
2020
2042
2061
2081
2102
2121
2293
2313
2335
2357
2379
2398
2419
2448
2470
2490
2511
2530
2551
2571
2590
2612
2631
2651
2671
2691
2711
2731
2751
2771
2791
2812
2831
2851
Current action: Recover from state: Recover
236
Current action: Recover from state: Recover
125
146
167
187
256
275
359
379
399
419
441
460
482
501
521
541
561
584
603
624
644
664
684
705
726
749
769
789
812
832
855
874
897
920
943
963
983
1005
1024
1045
1065
1085
1105
1134
1155
1175
1194
1215
1235
1255
1277
1300
1332
1353
1374
1393
1414
1434
1454
1475
1504
1524
1544
1564
1585
1605
1625
1648
1681
1701
1721
Current action: Recover from state: Recover
159
179
200
219
240
262
283
304
324
344
365
399
420
440
460
480
500
520
540
561
610
631
651
671
692
715
735
757
778
798
818
843
877
897
917
941
961
981
1001
1021
1042
1062
1085
1108
1128
1148
1190
1210
1233
1257
1277
1297
1320
1343
1367
1388
1409
1429
1449
1469
1490
1511
1532
1555
1575
1596
1617
1637
1657
1677
1701
1721
1744
1834
1863
1883
Current action: Recover from state: Recover
112
132
155
174
195
214
238
257
277
304
324
345
366
386
409
429
448
471
491
511
531
551
572
591
613
637
674
694
714
736
756
776
809
830
849
869
891
912
933
953
973
993
1014
1037
1056
1076
1096
1117
1138
1165
1192
1227
1247
1266
1286
1307
1328
1350
1369
1390
1418
1438
1467
1487
1513
1533
1554
1575
1595
1617
1638
1659
1679
1701
1721
1744
1765
1787
1807
1828
1848
1873
1893
1913
1950
1976
1999
2036
Current action: Recover from state: Recover
106
126
152
174
197
219
241
264
285
309
330
355
381
401
421
441
461
486
513
533
553
574
596
691
711
731
761
792
813
834
854
874
896
918
939
962
987
1010
1030
1050
1070
1090
1110
1130
1150
1170
1190
1212
1234
1254
1274
1298
1319
1339
1359
1379
1399
1427
1462
1485
1506
1528
1550
1570
1590
1612
1634
1654
1675
1701
1721
1742
1762
1782
1802
1824
1844
1864
Current action: Recover from state: Recover
220
288
309
331
354
380
401
421
441
461
488
509
529
553
573
615
635
658
679
699
719
739
760
780
800
820
840
872
893
913
933
953
974
995
1015
1035
1063
1083
1105
1125
1145
1165
1195
1229
1255
1276
1296
1316
1380
1411
1431
1451
1471
1491
1512
1532
1552
1576
1596
1616
1638
1659
1679
1699
1719
1751
1771
1791
1811
1831
1851
1872
1892
1926
1946
1966
1986
2013
2035
2055
2075
2098
2118
2138
Current action: Recover from state: Recover
221
242
284
304
324
345
369
389
412
463
487
507
533
558
578
599
619
639
659
679
705
725
745
765
785
828
849
869
889
909
929
949
970
1007
1027
1047
1069
1090
1110
1130
1155
1177
1203
1224
1251
1271
1293
1313
1334
1373
1393
1413
1433
1453
1473
1498
1518
1549
1575
1602
1623
1645
1666
1686
1706
1726
1749
1769
1789
1809
1829
1849
1869
Current action: Recover from state: Recover
143
163
186
206
226
247
282
302
328
355
375
395
415
442
462
484
504
524
544
565
586
606
629
650
672
692
713
735
755
777
797
817
837
858
878
898
919
939
960
980
1003
1024
1045
1066
1086
1106
1126
1147
1167
1187
1207
1227
1247
1271
1291
1311
1333
1353
1386
1406
1440
1460
1486
1507
1527
1547
1569
1590
1610
1630
1650
1670
1690
1710
1731
1751
1771
1792
1814
1839
1869
1890
1911
1947
1967
1987
2008
2028
2048
2069
2090
2116
2136
2159
Current action: Recover from state: Recover
160
932
Current action: Recover from state: Recover
201
220
240
260
283
305
325
345
365
385
405
425
445
468
489
516
535
555
577
597
619
640
659
685
705
733
754
776
805
825
851
871
892
912
931
955
974
997
1019
1040
1064
1092
1115
1136
1155
1175
1195
1216
1237
1281
1303
1325
1347
1366
1387
1407
1427
1542
1571
1591
1611
1630
1650
1674
1694
1718
1737
1758
1782
1802
1824
1844
1864
1887
1913
1935
1956
1975
1995
2015
2035
2055
2076
2096
2116
2137
Current action: Recover from state: Recover
163
184
204
225
245
265
285
311
334
354
374
395
417
437
466
486
507
539
560
580
600
620
641
662
682
702
724
744
764
794
814
834
854
875
895
915
935
955
975
997
1017
1038
1058
1078
1098
1118
1141
1164
1184
1205
1225
1245
1265
1287
1307
1327
1354
1374
1408
1428
1448
1468
1488
1508
1528
1548
1568
1589
1609
1629
1649
1670
1690
1710
1732
1752
1772
1793
1813
1833
1853
1873
1893
1917
1937
1957
1979
1999
2019
2039
2059
2079
2104
2125
2145
2169
2190
2210
Current action: Recover from state: Recover
166
Current action: Recover from state: Recover
119
140
159
179
199
220
240
262
282
302
322
344
363
383
404
430
449
470
490
510
530
550
570
590
629
649
669
689
709
729
749
779
800
820
842
862
882
902
922
949
969
991
1019
1042
1085
1108
1128
1147
1167
1187
1208
1233
1276
1297
1316
1337
1360
1382
1405
1427
1446
1467
1507
1526
1546
1569
Current action: Recover from state: Recover
191
Current action: Recover from state: Recover
103
123
143
166
193
217
270
291
311
331
352
372
392
412
432
452
472
492
512
532
552
572
593
615
636
656
693
729
749
769
789
812
832
852
876
896
918
938
959
980
1004
1026
1046
1066
1086
1106
1148
Current action: Recover from state: Recover
269
Current action: Recover from state: Recover
93
114
135
155
176
197
221
241
261
281
302
323
343
363
383
404
425
445
465
485
505
531
559
591
612
633
653
673
693
714
736
760
781
820
842
862
882
903
923
944
964
989
1010
1030
1054
1078
1137
Current action: Recover from state: Recover
142
176
196
216
236
259
279
301
322
342
363
393
415
447
469
489
509
529
550
570
596
616
638
658
680
702
722
742
762
782
805
825
845
865
885
924
963
983
