System thread has started for: 192.168.1.8
77
44
66
85
117
148
169
192
212
232
253
272
293
314
335
360
380
400
426
445
465
486
506
528
548
575
594
614
636
655
675
697
717
749
779
800
842
866
885
905
925
945
966
985
1005
1027
1049
1069
1089
1111
1147
1169
1189
1210
1230
1249
1269
1292
1314
1333
1359
1384
1405
1424
1445
1471
1494
1513
20
39
59
79
99
120
139
160
190
212
232
254
276
300
319
346
366
387
407
430
450
470
492
511
532
551
571
591
611
631
653
675
695
717
736
757
777
797
818
838
858
878
908
929
948
969
991
1018
1040
1062
1082
1105
1125
1149
1172
1192
1212
1232
1254
1277
1298
1318
1338
1360
1380
1407
1428
1448
1468
102
122
142
162
182
202
223
246
266
286
306
345
364
384
404
425
446
467
488
509
529
549
569
590
610
630
650
670
693
713
735
755
775
795
815
838
857
882
902
922
942
962
989
1009
1029
1057
1076
1097
1116
1137
1156
1178
1199
1218
1238
1274
1295
1324
1344
1368
1388
1409
1434
1454
1476
1496
1517
1537
1556
1576
1597
1618
1638
1667
1687
44
63
86
109
131
153
188
208
232
252
271
293
313
333
357
377
406
427
447
472
500
524
544
567
586
607
627
647
666
763
783
803
828
879
898
925
947
970
989
1009
1030
1049
1069
1089
1109
1129
1149
1169
1189
1209
1229
1249
1269
1289
1309
1329
1349
1369
1389
1409
1431
1457
1476
1497
1518
1538
1567
1588
1614
1637
29
51
75
95
115
145
165
185
207
227
249
276
297
323
343
365
398
422
442
462
482
502
526
546
566
587
607
632
651
673
703
727
754
802
824
851
871
891
914
934
960
983
1003
1023
1052
1072
1092
1112
1132
1158
1183
1203
1226
1246
1272
1293
1315
1335
1355
1375
1418
1441
1462
1490
1513
1533
1558
1588
1615
1636
1663
1684
1705
1725
1751
65
25
45
65
85
107
127
149
170
190
210
233
255
275
296
328
351
371
391
411
431
452
473
499
519
543
562
583
602
643
664
683
705
725
29
50
72
95
116
148
170
189
209
229
250
270
314
334
355
376
399
425
459
484
511
572
592
617
638
658
677
698
717
739
761
783
812
832
861
885
912
933
955
979
999
1019
1041
1060
1086
1105
1125
1148
1168
1187
1236
1261
1280
1300
1321
1341
1365
1387
1418
1441
1462
1481
1501
1521
1553
1587
1607
1629
1649
1670
1696
1716
1737
1766
1787
1807
1827
1847
43
66
93
112
133
154
174
194
238
259
279
299
319
339
359
380
401
421
444
464
486
507
528
548
568
602
623
654
675
697
750
770
790
813
834
867
910
930
950
970
991
1012
1032
1052
1073
1093
1123
1144
1165
1185
1206
1227
1262
1283
1303
1330
1353
1390
1410
1443
1468
1495
1517
86
154
182
202
222
263
286
309
329
349
377
403
423
453
473
493
513
537
558
581
614
634
654
674
704
724
747
769
789
809
832
852
873
896
915
936
962
990
1031
1054
1074
1094
1114
1134
1155
1178
1201
1233
1252
1272
1292
1312
1332
1352
1378
1398
1418
1438
1459
1479
1499
1519
1541
25
47
66
86
107
126
152
177
200
226
246
285
305
324
344
366
393
414
434
454
475
494
514
535
560
580
634
654
674
703
723
744
765
810
832
856
895
917
948
969
992
1012
1038
1062
1083
1103
1125
1151
1172
1202
1225
1246
1267
1292
1312
1332
1352
1372
1394
1420
1440
117
138
163
207
254
275
294
314
335
355
376
395
415
444
464
484
508
528
548
572
596
616
635
655
676
696
716
737
766
800
824
844
866
885
905
939
963
983
1003
1023
1045
1065
1085
1141
1173
1194
1213
1233
1273
1299
1319
1340
1364
1384
1404
1431
1452
36
58
79
99
118
138
158
184
209
229
250
270
291
311
336
358
378
400
421
441
461
483
514
535
555
575
595
619
651
673
693
716
749
776
812
836
864
887
908
928
948
968
989
1014
1039
1060
1080
1106
1144
1164
1185
1208
1232
1252
1277
1298
1318
1338
1359
1379
61
91
112
141
164
184
212
232
252
272
294
314
334
353
373
394
413
433
453
474
494
514
540
565
585
615
636
655
679
698
723
744
764
791
812
833
852
873
903
923
942
975
997
1030
1051
1074
1093
1113
1133
1153
1173
1193
1214
1233
1254
1274
1294
1314
1343
1369
1392
1420
1443
1463
1483
23
43
64
84
117
148
168
188
208
239
259
303
323
344
364
423
457
478
498
518
538
558
578
598
618
639
664
684
704
725
745
765
785
805
825
845
866
886
923
945
967
987
1007
1028
1059
1081
1102
1122
1147
1170
1190
1210
1250
1270
1292
1321
1351
1371
1392
1411
1431
1473
1494
1517
1540
1560
1580
1608
1631
1651
1672
1691
1717
1742
1765
1784
1806
1826
1854
1876
1897
1916
1936
1963
42
62
82
103
124
155
179
199
222
245
265
285
309
329
349
370
391
417
447
474
494
514
534
555
591
613
634
654
674
696
720
743
770
794
817
838
865
886
907
927
948
968
989
1009
1029
1049
1071
1093
1114
1135
1161
1184
1207
1229
1251
1271
1293
1313
1336
1369
1399
1419
1440
1460
1482
1502
1523
1551
1576
1596
1616
1652
1673
1693
1713
1734
1763
1783
1810
1830
86
107
129
149
169
189
214
236
259
280
303
324
344
364
389
410
430
451
472
493
514
534
555
582
603
641
661
691
711
732
754
776
802
824
850
870
890
910
934
955
978
998
1018
1038
1058
1078
1098
1124
1146
1166
1206
1226
1246
1266
1288
1336
1362
1382
1402
1422
1447
1469
1490
1512
1533
1555
1576
1597
1621
1657
1677
1701
1748
1768
1791
1818
512
1307
1391
1427
1483
1527
1548
1581
118
138
158
181
202
226
247
267
288
315
335
355
375
395
431
451
471
491
512
533
553
573
594
621
642
664
684
710
742
763
784
808
828
850
876
898
925
946
966
986
1006
1026
1046
1068
1095
1115
1138
1158
1182
1202
1222
1242
1273
1293
1313
1337
1357
1410
1430
1450
1470
1496
1516
1540
1621
1641
1666
1700
1720
1747
1768
1796
1824
1845
1865
124
147
167
187
207
227
272
297
329
357
377
399
419
443
464
488
527
558
579
601
624
645
665
685
707
730
758
779
799
820
839
863
883
909
932
952
972
992
1013
1032
1053
1076
1095
1115
1137
1158
1187
1207
1227
1253
1272
1292
1312
1334
1354
1390
1410
1433
1466
1489
1516
1535
1575
1599
1619
1638
1659
1678
1698
1718
1738
1758
1781
1801
1822
1846
1868
1887
1907
1927
1948
26
47
67
98
118
140
163
183
204
224
244
264
286
307
327
347
367
389
410
431
451
471
491
512
533
553
577
598
619
639
661
681
711
752
774
823
844
869
925
953
974
994
1022
1042
1062
1085
1143
1169
1189
1209
1232
1252
1273
1293
1313
1348
1375
1395
1416
1448
1468
1488
1508
1532
1566
1605
1625
1645
1665
1688
1708
1737
1765
24
79
101
121
141
172
218
239
270
298
318
343
398
418
438
458
478
498
520
542
565
585
605
625
645
665
688
708
728
748
769
791
811
831
851
871
891
912
932
954
973
1058
1083
1103
1123
1144
1174
1206
1227
1248
1290
1317
1337
1357
1380
1401
1422
1442
1464
1487
1511
1530
1550
1575
1595
1618
1638
1658
1681
1701
1724
1744
1764
1784
1804
1826
1851
1872
1892
1913
268
287
307
329
349
369
392
413
433
454
476
495
519
540
560
581
603
622
642
677
713
735
773
793
815
835
855
878
898
929
949
971
992
1012
1035
1061
1103
1124
1145
1179
1199
1219
1245
1265
1285
1306
1337
1360
1392
1418
1438
1482
1504
1524
1552
1575
1596
1624
1671
1697
1735
1754
1774
1794
1814
1835
1856
22
69
97
120
163
217
241
261
281
321
341
362
385
407
427
455
475
495
516
537
557
577
597
617
645
665
686
708
728
749
773
795
833
853
873
893
950
972
992
1020
1040
1060
1084
1105
1142
1164
1198
1227
1274
1295
1330
1354
1374
1394
1414
1434
1457
1477
1500
1529
1569
1629
1658
1678
1698
1726
1748
1784
1804
1824
1858
1878
1902
1922
1942
1962
2000
2021
59
80
105
125
147
179
199
232
253
274
297
316
337
358
377
398
419
442
464
486
506
547
608
