258
478
452
156
45
567
198
462
414
490
284
434
377
57
306
121
41
36
233
103
368
318
432
147
83
115
752
38
38
95
34
52
495
181
44
20
362
21
28
56
24
258
251
167
133
41
22
64
21
47
66
131
103
552
170
539
101
449
532
98
712
561
95
299
145
251
446
149
116
126
247
230
125
256
204
265
315
195
358
378
318
262
559
236
161
228
345
511
406
128
118
318
226
218
209
134
164
261
542
388
657
375
94
840
535
186
156
218
172
1024
214
758
544
414
459
441
399
114
221
440
220
84
452
411
169
546
924
584
523
409
471
425
367
355
347
322
262
292
440
193
209
353
619
431
419
377
136
196
246
136
192
133
426
231
269
86
575
244
190
415
307
787
451
442
728
350
643
943
334
445
192
185
367
216
297
308
330
577
593
84
414
477
424
435
399
525
196
112
132
152
413
228
176
178
214
495
176
203
262
296
328
396
320
194
92
85
221
537
341
142
318
91
118
360
819
381
279
551
391
630
650
670
690
743
818
959
357
720
373
330
595
726
680
223
191
188
492
634
345
696
311
251
679
98
373
671
432

