403
110
510
274
631
455
400
393
415
510
227
308
217
629
457
247
80
247
149
460
532
116
2
378
94
79
47
242
391
316
170
10
432
119
135
84
613
88
180
114
69
304
207
47
730
595
159
332
175
493
500
8
392
208
264
674
530
72
44
97
200
393
251
234
152
179
310
339
201
317
336
189
326
59
111
42
453
141
72
598
125
48
38
174
390
464
109
55
22
250
303
121
420
622
260
22
452
1460
262
701
358
76
527
133
148
207
510
342
119
639
548
605
264
1013
482
457
81
729
498
199
363
230
245
589
313
361
529
674
328
527
724
632
236
9
255
193
504
595
49
254
615
350
572
298
128
579
801
426
720
1054
351
296
171
133
559
117
89
255
593
466
13
223
512
207
395
346
76
18
262
333
95
172
219
167
337
216
38
113
98
294
153
102
392
161
103
52
31
140
84
235
445
485
109
597
133
80
300
356
276
282
226
570
24
133
339
533
564
821
212
525
120
116
36
172
233
230
