7
0
529
492
433
462
460
448
454
530
446
453
472
437
420
474
11
418
429
413
418
467
12
410
412
400
424
403
404
403
427
12
409
412
426
10
497
459
407
447
431
470
397
16
401
35
454
410
383
14
23
399
12
425
403
424
408
432
494
452
408
442
427
436
405
443
431
17
419
419
11
446
418
418
442
17
421
452
418
458
432
425
476
452
444
11
478
429
17
481
471
424
460
428
11
422
426
475
409
408
430
494
457
402
24
438
441
398
402
399
471
21
461
20
404
449
442
411
450
430
452
439
433
453
18
461
20
414
424
429
10
14
26
12
440
459
409
436
401
424
474
9
19
425
420
442
416
415
432
434
11
39
443
471
420
