3
0
0
0
531
562
14
531
10
495
458
473
425
22
446
440
468
10
410
13
389
408
461
454
399
405
464
419
48
446
22
396
45
438
505
16
35
443
444
16
524
473
439
469
17
425
654
439
27
510
417
421
444
394
399
516
417
427
405
413
49
10
9
403
421
423
26
457
432
17
418
404
447
393
407
20
26
409
417
21
420
408
35
405
412
519
514
422
30
484
16
441
426
446
486
507
469
438
415
405
418
9
24
470
448
609
27
422
433
478
29
409
438
449
445
407
423
407
458
10
487
417
421
446
411
429
11
9
420
445
420
11
441
425
455
417
430
11
15
437
10
10
419
411
436
476
425
435
13
10
493
29
424
403
462
408
410
515
436
399
52
460
459
12
449
