8
0
0
458
431
13
14
11
10
403
404
414
30
10
11
427
400
9
432
399
422
18
11
396
412
414
10
10
15
394
402
416
10
395
399
409
11
412
412
406
13
13
394
398
10
411
17
406
423
402
401
398
10
405
387
399
10
404
418
416
37
404
397
27
403
418
402
10
394
10
400
404
50
413
429
400
410
409
30
396
404
403
41
420
10
397
394
392
399
392
17
402
37
10
398
407
408
408
15
413
410
408
10
10
398
10
406
437
397
12
16
10
33
406
394
14
400
10
408
412
404
399
409
12
426
10
437
399
400
409
434
10
15
403
401
424
407
11
427
13
416
11
400
399
13
47
11
9
9
16
406
432
405
405
413
395
400
428
10
15
404
403
400
409
391
400
398
446
414
400
405
10
17
409
444
397
394
416
412
405
402
401
426
411
402
410
407
424
405
433
395
406
404
397
10
412
403
10
398
